Roll  = 0.0062666196 Radians 
Pitch =   0.83564545 Radians 
Yaw   = -0.084625507 Radians 
Xt    =    1707.1941 mm. 
Yt    =   -190.57903 mm. 
Zt    =    2046.0528 mm. 
